0.0 0.04
3.999999999997929e-08 0.08
7.999999999995858e-08 0.04
1.200000000001547e-07 0.08
1.60000000000134e-07 0.08
2.0000000000011328e-07 0.12
2.4000000000009257e-07 0.12
2.8000000000007186e-07 0.12
3.2000000000005115e-07 0.12
3.6000000000003043e-07 0.12
4.000000000000097e-07 0.12
4.39999999999989e-07 0.12
4.799999999999683e-07 0.16
5.199999999999476e-07 0.16
5.600000000001437e-07 0.2
6.00000000000123e-07 0.2
6.400000000001023e-07 0.24
6.800000000000816e-07 0.2
7.200000000000609e-07 0.28
7.600000000000402e-07 0.24
8.000000000000194e-07 0.2
8.399999999999987e-07 0.32
8.79999999999978e-07 0.24
9.199999999999573e-07 0.28
9.600000000001534e-07 0.24
1.0000000000001327e-06 0.32
1.040000000000112e-06 0.36
1.0800000000000913e-06 0.32
1.1200000000000706e-06 0.36
1.1600000000000499e-06 0.36
1.2000000000000292e-06 0.4
1.2400000000000085e-06 0.48
1.2799999999999877e-06 0.4
1.319999999999967e-06 0.4
1.3599999999999463e-06 0.44
1.4000000000001424e-06 0.44
1.4400000000001217e-06 0.44
1.480000000000101e-06 0.44
1.5200000000000803e-06 0.44
1.5600000000000596e-06 0.48
1.6000000000000389e-06 0.52
1.6400000000000182e-06 0.52
1.6799999999999975e-06 0.52
1.7199999999999768e-06 0.56
1.759999999999956e-06 0.56
1.8000000000001522e-06 0.56
1.8400000000001315e-06 0.6
1.8800000000001107e-06 0.52
1.92000000000009e-06 0.56
1.9600000000000693e-06 0.64
2.0000000000000486e-06 0.6
2.040000000000028e-06 0.6
2.080000000000007e-06 0.68
2.1199999999999865e-06 0.64
2.1599999999999658e-06 0.68
2.199999999999945e-06 0.64
2.240000000000141e-06 0.68
2.2800000000001205e-06 0.68
2.3200000000000998e-06 0.76
2.360000000000079e-06 0.72
2.4000000000000583e-06 0.72
2.4400000000000376e-06 0.76
2.480000000000017e-06 0.72
2.519999999999996e-06 0.72
2.5599999999999755e-06 0.8
2.5999999999999548e-06 0.8
2.640000000000151e-06 0.76
2.68000000000013e-06 0.8
2.7200000000001095e-06 0.8
2.7600000000000888e-06 0.8
2.800000000000068e-06 0.8
2.8400000000000473e-06 0.84
2.8800000000000266e-06 0.84
2.920000000000006e-06 0.84
2.9599999999999852e-06 0.88
2.9999999999999645e-06 0.84
3.039999999999944e-06 0.92
3.08000000000014e-06 0.92
3.120000000000119e-06 0.92
3.1600000000000985e-06 0.92
3.2000000000000778e-06 0.92
3.240000000000057e-06 0.92
3.2800000000000364e-06 0.88
3.3200000000000156e-06 0.96
3.359999999999995e-06 0.96
3.3999999999999742e-06 0.96
3.4399999999999535e-06 0.96
3.4800000000001496e-06 1.0
3.520000000000129e-06 0.96
3.5600000000001082e-06 1.04
3.6000000000000875e-06 1.0
3.640000000000067e-06 1.0
3.680000000000046e-06 1.08
3.7200000000000254e-06 1.04
3.7600000000000047e-06 1.04
3.799999999999984e-06 1.0
3.839999999999963e-06 1.04
3.8799999999999425e-06 1.08
3.920000000000139e-06 1.08
3.960000000000118e-06 1.08
4.000000000000097e-06 1.12
4.0400000000000765e-06 1.08
4.080000000000056e-06 1.08
4.120000000000035e-06 1.16
4.160000000000014e-06 1.08
4.199999999999994e-06 1.12
4.239999999999973e-06 1.16
4.279999999999952e-06 1.12
4.320000000000148e-06 1.12
4.360000000000128e-06 1.12
4.400000000000107e-06 1.16
4.440000000000086e-06 1.16
4.4800000000000655e-06 1.2
4.520000000000045e-06 1.2
4.560000000000024e-06 1.16
4.600000000000003e-06 1.2
4.639999999999983e-06 1.24
4.679999999999962e-06 1.2
4.720000000000158e-06 1.2
4.760000000000137e-06 1.2
4.800000000000117e-06 1.24
4.840000000000096e-06 1.24
4.880000000000075e-06 1.28
4.9200000000000545e-06 1.28
4.960000000000034e-06 1.28
5.000000000000013e-06 1.28
5.039999999999992e-06 1.28
5.079999999999972e-06 1.32
5.119999999999951e-06 1.32
5.160000000000147e-06 1.28
5.200000000000126e-06 1.32
5.240000000000106e-06 1.28
5.280000000000085e-06 1.32
5.320000000000064e-06 1.32
5.3600000000000435e-06 1.36
5.400000000000023e-06 1.32
5.440000000000002e-06 1.36
5.479999999999981e-06 1.36
5.519999999999961e-06 1.4
5.560000000000157e-06 1.4
5.600000000000136e-06 1.36
5.640000000000115e-06 1.36
5.680000000000095e-06 1.36
5.720000000000074e-06 1.36
5.760000000000053e-06 1.4
5.8000000000000326e-06 1.4
5.840000000000012e-06 1.44
5.879999999999991e-06 1.4
5.9199999999999704e-06 1.4
5.95999999999995e-06 1.4
6.000000000000146e-06 1.44
6.040000000000125e-06 1.44
6.080000000000104e-06 1.44
6.120000000000084e-06 1.44
6.160000000000063e-06 1.48
6.200000000000042e-06 1.4
6.2400000000000216e-06 1.44
6.280000000000001e-06 1.52
6.31999999999998e-06 1.48
6.3599999999999594e-06 1.48
6.4000000000001556e-06 1.52
6.440000000000135e-06 1.44
6.480000000000114e-06 1.52
6.5200000000000934e-06 1.56
6.560000000000073e-06 1.52
6.600000000000052e-06 1.48
6.640000000000031e-06 1.52
6.680000000000011e-06 1.52
6.71999999999999e-06 1.52
6.759999999999969e-06 1.52
6.7999999999999484e-06 1.52
6.8400000000001446e-06 1.56
6.880000000000124e-06 1.56
6.920000000000103e-06 1.56
6.9600000000000824e-06 1.56
7.000000000000062e-06 1.56
7.040000000000041e-06 1.56
7.08000000000002e-06 1.52
7.12e-06 1.6
7.159999999999979e-06 1.56
7.199999999999958e-06 1.56
7.240000000000154e-06 1.56
7.280000000000134e-06 1.6
7.320000000000113e-06 1.64
7.360000000000092e-06 1.6
7.4000000000000715e-06 1.6
7.440000000000051e-06 1.56
7.48000000000003e-06 1.6
7.520000000000009e-06 1.6
7.559999999999989e-06 1.56
7.599999999999968e-06 1.64
7.639999999999947e-06 1.64
7.680000000000143e-06 1.6
7.720000000000123e-06 1.64
7.760000000000102e-06 1.68
7.800000000000081e-06 1.64
7.84000000000006e-06 1.64
7.88000000000004e-06 1.64
7.920000000000019e-06 1.64
7.959999999999998e-06 1.68
7.999999999999978e-06 1.68
8.039999999999957e-06 1.64
8.080000000000153e-06 1.72
8.120000000000132e-06 1.64
8.160000000000112e-06 1.68
8.200000000000091e-06 1.72
8.24000000000007e-06 1.72
8.28000000000005e-06 1.68
8.320000000000029e-06 1.68
8.360000000000008e-06 1.72
8.399999999999987e-06 1.68
8.439999999999967e-06 1.68
8.479999999999946e-06 1.72
8.520000000000142e-06 1.72
8.560000000000121e-06 1.72
8.6000000000001e-06 1.68
8.64000000000008e-06 1.72
8.68000000000006e-06 1.68
8.720000000000038e-06 1.76
8.760000000000018e-06 1.76
8.799999999999997e-06 1.72
8.839999999999976e-06 1.76
8.879999999999956e-06 1.72
8.920000000000152e-06 1.76
8.960000000000131e-06 1.76
9.00000000000011e-06 1.76
9.04000000000009e-06 1.8
9.080000000000069e-06 1.76
9.120000000000048e-06 1.72
9.160000000000027e-06 1.8
9.200000000000007e-06 1.8
9.239999999999986e-06 1.76
9.279999999999965e-06 1.8
9.319999999999945e-06 1.76
9.36000000000014e-06 1.76
9.40000000000012e-06 1.76
9.4400000000001e-06 1.8
9.480000000000079e-06 1.8
9.520000000000058e-06 1.8
9.560000000000037e-06 1.84
9.600000000000017e-06 1.8
9.639999999999996e-06 1.8
9.679999999999975e-06 1.8
9.719999999999954e-06 1.8
9.76000000000015e-06 1.8
9.80000000000013e-06 1.8
9.840000000000109e-06 1.8
9.880000000000088e-06 1.84
9.920000000000068e-06 1.84
9.960000000000047e-06 1.84
1.0000000000000026e-05 1.8
1.0040000000000006e-05 1.84
1.0079999999999985e-05 1.88
1.0119999999999964e-05 1.84
1.0159999999999943e-05 1.84
1.020000000000014e-05 1.84
1.0240000000000119e-05 1.84
1.0280000000000098e-05 1.88
1.0320000000000077e-05 1.84
1.0360000000000057e-05 1.88
1.0400000000000036e-05 1.88
1.0440000000000015e-05 1.88
1.0479999999999995e-05 1.88
1.0519999999999974e-05 1.88
1.0559999999999953e-05 1.88
1.060000000000015e-05 1.92
1.0640000000000129e-05 1.88
1.0680000000000108e-05 1.88
1.0720000000000087e-05 1.88
1.0760000000000066e-05 1.88
1.0800000000000046e-05 1.92
1.0840000000000025e-05 1.88
1.0880000000000004e-05 1.88
1.0919999999999984e-05 1.92
1.0959999999999963e-05 1.88
1.0999999999999942e-05 1.92
1.1040000000000138e-05 1.88
1.1080000000000118e-05 1.88
1.1120000000000097e-05 1.88
1.1160000000000076e-05 1.88
1.1200000000000055e-05 1.92
1.1240000000000035e-05 1.88
1.1280000000000014e-05 1.92
1.1319999999999993e-05 1.92
1.1359999999999973e-05 1.92
1.1399999999999952e-05 1.92
1.1440000000000148e-05 1.92
1.1480000000000127e-05 1.96
1.1520000000000107e-05 1.96
1.1560000000000086e-05 1.92
1.1600000000000065e-05 1.96
1.1640000000000044e-05 1.92
1.1680000000000024e-05 1.96
1.1720000000000003e-05 1.96
1.1759999999999982e-05 1.96
1.1799999999999962e-05 1.96
1.1840000000000158e-05 1.96
1.1880000000000137e-05 1.92
1.1920000000000116e-05 1.92
1.1960000000000096e-05 2.0
1.2000000000000075e-05 1.96
1.2040000000000054e-05 1.96
1.2080000000000033e-05 2.0
1.2120000000000013e-05 2.0
1.2159999999999992e-05 1.96
1.2199999999999971e-05 1.96
1.223999999999995e-05 1.96
1.2280000000000147e-05 1.96
1.2320000000000126e-05 2.0
1.2360000000000105e-05 2.0
1.2400000000000085e-05 1.96
1.2440000000000064e-05 1.96
1.2480000000000043e-05 2.0
1.2520000000000022e-05 1.96
1.2560000000000002e-05 1.96
1.2599999999999981e-05 2.0
1.263999999999996e-05 2.0
1.2680000000000156e-05 1.96
1.2720000000000136e-05 1.96
1.2760000000000115e-05 1.96
1.2800000000000094e-05 2.0
1.2840000000000074e-05 2.0
1.2880000000000053e-05 2.0
1.2920000000000032e-05 2.0
1.2960000000000011e-05 2.04
1.299999999999999e-05 2.0
1.303999999999997e-05 2.04
1.307999999999995e-05 2.04
1.3120000000000145e-05 2.04
1.3160000000000125e-05 2.0
1.3200000000000104e-05 2.04
1.3240000000000083e-05 2.0
1.3280000000000063e-05 2.0
1.3320000000000042e-05 2.04
1.3360000000000021e-05 2.04
1.34e-05 2.08
1.343999999999998e-05 2.04
1.3479999999999959e-05 2.04
1.3520000000000155e-05 2.04
1.3560000000000134e-05 2.08
1.3600000000000114e-05 2.04
1.3640000000000093e-05 2.04
1.3680000000000072e-05 2.04
1.3720000000000052e-05 2.08
1.3760000000000031e-05 2.04
1.380000000000001e-05 2.04
1.383999999999999e-05 2.04
1.3879999999999969e-05 2.04
1.3919999999999948e-05 2.04
1.3960000000000144e-05 2.08
1.4000000000000123e-05 2.04
1.4040000000000103e-05 2.12
1.4080000000000082e-05 2.08
1.4120000000000061e-05 2.04
1.416000000000004e-05 2.08
1.420000000000002e-05 2.08
1.424e-05 2.04
1.4279999999999978e-05 2.04
1.4319999999999958e-05 2.08
1.4360000000000154e-05 2.04
1.4400000000000133e-05 2.08
1.4440000000000112e-05 2.08
1.4480000000000092e-05 2.08
1.4520000000000071e-05 2.08
1.456000000000005e-05 2.08
1.460000000000003e-05 2.04
1.4640000000000009e-05 2.08
1.4679999999999988e-05 2.08
1.4719999999999967e-05 2.08
1.4759999999999947e-05 2.08
1.4800000000000143e-05 2.08
1.4840000000000122e-05 2.08
1.4880000000000101e-05 2.04
1.492000000000008e-05 2.08
1.496000000000006e-05 2.12
1.500000000000004e-05 2.08
1.5040000000000019e-05 2.12
1.5079999999999998e-05 2.12
1.5119999999999977e-05 2.04
1.5159999999999956e-05 2.12
1.5200000000000153e-05 2.12
1.5240000000000132e-05 2.12
1.528000000000011e-05 2.12
1.532000000000009e-05 2.08
1.536000000000007e-05 2.08
1.540000000000005e-05 2.08
1.544000000000003e-05 2.12
1.5480000000000008e-05 2.08
1.5519999999999987e-05 2.08
1.5559999999999966e-05 2.12
1.5599999999999946e-05 2.08
1.564000000000014e-05 2.16
1.568000000000012e-05 2.12
1.57200000000001e-05 2.12
1.576000000000008e-05 2.12
1.580000000000006e-05 2.08
1.5840000000000038e-05 2.12
1.5880000000000017e-05 2.12
1.5919999999999997e-05 2.08
1.5959999999999976e-05 2.08
1.5999999999999955e-05 2.16
1.604000000000015e-05 2.16
1.608000000000013e-05 2.12
1.612000000000011e-05 2.12
1.616000000000009e-05 2.12
1.620000000000007e-05 2.12
1.6240000000000048e-05 2.12
1.6280000000000027e-05 2.08
1.6320000000000006e-05 2.16
1.6359999999999986e-05 2.16
1.6399999999999965e-05 2.16
1.6439999999999944e-05 2.12
1.648000000000014e-05 2.12
1.652000000000012e-05 2.12
1.65600000000001e-05 2.16
1.6600000000000078e-05 2.16
1.6640000000000058e-05 2.16
1.6680000000000037e-05 2.16
1.6720000000000016e-05 2.12
1.6759999999999995e-05 2.16
1.6799999999999975e-05 2.12
1.6839999999999954e-05 2.12
1.688000000000015e-05 2.16
1.692000000000013e-05 2.16
1.696000000000011e-05 2.2
1.7000000000000088e-05 2.16
1.7040000000000067e-05 2.12
1.7080000000000047e-05 2.12
1.7120000000000026e-05 2.12
1.7160000000000005e-05 2.16
1.7199999999999984e-05 2.16
1.7239999999999964e-05 2.12
1.7279999999999943e-05 2.16
1.732000000000014e-05 2.16
1.736000000000012e-05 2.16
1.7400000000000098e-05 2.16
1.7440000000000077e-05 2.16
1.7480000000000056e-05 2.16
1.7520000000000036e-05 2.16
1.7560000000000015e-05 2.16
1.7599999999999994e-05 2.2
1.7639999999999973e-05 2.12
1.7679999999999953e-05 2.16
1.772000000000015e-05 2.16
1.7760000000000128e-05 2.2
1.7800000000000107e-05 2.16
1.7840000000000087e-05 2.2
1.7880000000000066e-05 2.2
1.7920000000000045e-05 2.2
1.7960000000000025e-05 2.12
1.8000000000000004e-05 2.16
1.8039999999999983e-05 2.16
1.8079999999999962e-05 2.16
1.8119999999999942e-05 2.16
1.8160000000000138e-05 2.16
1.8200000000000117e-05 2.12
1.8240000000000096e-05 2.24
1.8280000000000076e-05 2.2
1.8320000000000055e-05 2.2
1.8360000000000034e-05 2.16
1.8400000000000014e-05 2.16
1.8439999999999993e-05 2.16
1.8479999999999972e-05 2.2
1.851999999999995e-05 2.16
1.8560000000000148e-05 2.2
1.8600000000000127e-05 2.2
1.8640000000000106e-05 2.16
1.8680000000000085e-05 2.2
1.8720000000000065e-05 2.16
1.8760000000000044e-05 2.2
1.8800000000000023e-05 2.16
1.8840000000000003e-05 2.16
1.8879999999999982e-05 2.2
1.891999999999996e-05 2.2
1.8960000000000157e-05 2.2
1.9000000000000137e-05 2.2
1.9040000000000116e-05 2.12
1.9080000000000095e-05 2.16
1.9120000000000074e-05 2.2
1.9160000000000054e-05 2.2
1.9200000000000033e-05 2.16
1.9240000000000012e-05 2.16
1.927999999999999e-05 2.16
1.931999999999997e-05 2.24
1.935999999999995e-05 2.2
1.9400000000000146e-05 2.2
1.9440000000000126e-05 2.16
1.9480000000000105e-05 2.16
1.9520000000000084e-05 2.2
1.9560000000000063e-05 2.2
1.9600000000000043e-05 2.24
1.9640000000000022e-05 2.16
1.968e-05 2.24
1.971999999999998e-05 2.2
1.975999999999996e-05 2.24
1.9800000000000156e-05 2.16
1.9840000000000135e-05 2.2
1.9880000000000115e-05 2.2
1.9920000000000094e-05 2.16
1.9960000000000073e-05 2.24
2.0000000000000052e-05 2.2
2.0040000000000032e-05 2.2
2.008000000000001e-05 2.2
2.011999999999999e-05 2.12
2.015999999999997e-05 2.2
2.019999999999995e-05 2.2
2.0240000000000145e-05 2.2
2.0280000000000124e-05 2.2
2.0320000000000104e-05 2.2
2.0360000000000083e-05 2.2
2.0400000000000062e-05 2.16
2.044000000000004e-05 2.2
2.048000000000002e-05 2.2
2.052e-05 2.2
2.055999999999998e-05 2.24
2.059999999999996e-05 2.2
2.0640000000000155e-05 2.2
2.0680000000000134e-05 2.2
2.0720000000000113e-05 2.2
2.0760000000000093e-05 2.2
2.0800000000000072e-05 2.24
2.084000000000005e-05 2.2
2.088000000000003e-05 2.24
2.092000000000001e-05 2.2
2.095999999999999e-05 2.24
2.099999999999997e-05 2.2
2.1039999999999948e-05 2.2
2.1080000000000144e-05 2.2
2.1120000000000123e-05 2.24
2.1160000000000102e-05 2.2
2.120000000000008e-05 2.24
2.124000000000006e-05 2.2
2.128000000000004e-05 2.2
2.132000000000002e-05 2.2
2.136e-05 2.2
2.1399999999999978e-05 2.24
2.1439999999999957e-05 2.24
2.1480000000000153e-05 2.2
2.1520000000000133e-05 2.2
2.1560000000000112e-05 2.2
2.160000000000009e-05 2.24
2.164000000000007e-05 2.2
2.168000000000005e-05 2.24
2.172000000000003e-05 2.2
2.176000000000001e-05 2.24
2.1799999999999988e-05 2.24
2.1839999999999967e-05 2.24
2.1879999999999946e-05 2.28
2.1920000000000142e-05 2.24
2.1960000000000122e-05 2.2
2.20000000000001e-05 2.2
2.204000000000008e-05 2.2
2.208000000000006e-05 2.24
2.212000000000004e-05 2.2
2.2160000000000018e-05 2.16
2.2199999999999998e-05 2.2
2.2239999999999977e-05 2.24
2.2279999999999956e-05 2.24
2.2320000000000152e-05 2.24
2.236000000000013e-05 2.24
2.240000000000011e-05 2.2
2.244000000000009e-05 2.24
2.248000000000007e-05 2.24
2.252000000000005e-05 2.2
2.2560000000000028e-05 2.24
2.2600000000000007e-05 2.2
2.2639999999999987e-05 2.24
2.2679999999999966e-05 2.24
2.2719999999999945e-05 2.24
2.276000000000014e-05 2.24
2.280000000000012e-05 2.2
2.28400000000001e-05 2.24
2.288000000000008e-05 2.24
2.292000000000006e-05 2.24
2.2960000000000038e-05 2.24
2.3000000000000017e-05 2.2
2.3039999999999996e-05 2.24
2.3079999999999976e-05 2.24
2.3119999999999955e-05 2.24
2.316000000000015e-05 2.24
2.320000000000013e-05 2.28
2.324000000000011e-05 2.2
2.328000000000009e-05 2.2
2.3320000000000068e-05 2.2
2.3360000000000047e-05 2.2
2.3400000000000027e-05 2.2
2.3440000000000006e-05 2.2
2.3479999999999985e-05 2.24
2.3519999999999965e-05 2.2
2.3559999999999944e-05 2.24
2.360000000000014e-05 2.28
2.364000000000012e-05 2.24
2.36800000000001e-05 2.28
2.3720000000000078e-05 2.28
2.3760000000000057e-05 2.2
2.3800000000000036e-05 2.24
2.3840000000000016e-05 2.24
2.3879999999999995e-05 2.2
2.3919999999999974e-05 2.24
2.3959999999999954e-05 2.28
2.400000000000015e-05 2.24
2.404000000000013e-05 2.2
2.4080000000000108e-05 2.2
2.4120000000000088e-05 2.24
2.4160000000000067e-05 2.24
2.4200000000000046e-05 2.28
2.4240000000000025e-05 2.2
2.4280000000000005e-05 2.24
2.4319999999999984e-05 2.2
2.4359999999999963e-05 2.2
2.4399999999999943e-05 2.24
2.444000000000014e-05 2.2
2.4480000000000118e-05 2.28
2.4520000000000097e-05 2.24
2.4560000000000077e-05 2.24
2.4600000000000056e-05 2.24
2.4640000000000035e-05 2.24
2.4680000000000014e-05 2.24
2.4719999999999994e-05 2.2
2.4759999999999973e-05 2.24
2.4799999999999952e-05 2.2
2.484000000000015e-05 2.2
2.4880000000000128e-05 2.24
2.4920000000000107e-05 2.24
2.4960000000000086e-05 2.24
2.5000000000000066e-05 2.2
2.5040000000000045e-05 2.24
2.5080000000000024e-05 2.24
2.5120000000000003e-05 2.24
2.5159999999999983e-05 2.28
2.5199999999999962e-05 2.24
2.5240000000000158e-05 2.28
2.5280000000000137e-05 2.24
2.5320000000000117e-05 2.2
2.5360000000000096e-05 2.24
2.5400000000000075e-05 2.24
2.5440000000000055e-05 2.24
2.5480000000000034e-05 2.24
2.5520000000000013e-05 2.2
2.5559999999999992e-05 2.24
2.5599999999999972e-05 2.28
2.563999999999995e-05 2.24
2.5680000000000147e-05 2.24
2.5720000000000126e-05 2.24
2.5760000000000106e-05 2.2
2.5800000000000085e-05 2.24
2.5840000000000064e-05 2.24
2.5880000000000044e-05 2.24
2.5920000000000023e-05 2.28
2.5960000000000002e-05 2.24
